t = [0.0,0.01000999999999976,0.020019999999999354,0.030029999999998946,0.040030000000001585,0.05003000000000465,0.06003000000000771,0.07004000000000554,0.08005000000000166,0.09005999999999778,0.1000699999999939,0.11007999999999002,0.12008999999998614,0.13008999999998933,0.14008999999999933,0.15009000000000933,0.16009000000001933,0.17009000000002933,0.18009000000003933,0.19009000000004933,0.20009000000005933,0.21009000000006933,0.22009000000007933,0.23009000000008933,0.24009000000009934,0.25009000000010934,0.26009000000011934,0.27009000000012934,0.28009000000013934,0.29009000000014934,0.30009000000015934,0.31009000000016934,0.32009000000017934,0.33009000000018934,0.34009000000019934,0.35009000000020934,0.36009000000021935,0.37009000000022935,0.38009000000023935,0.39009000000024935,0.40009000000025935,0.41009000000026935,0.42009000000027935,0.43009000000028935,0.44009000000029935,0.45009000000030935,0.46009000000031935,0.47009000000032936,0.48009000000033936,0.49009000000034936,0.5000900000003589,0.5101000000003133,0.5201100000002677,0.5301200000002222,0.5401300000001766,0.5501400000001311,0.5601500000000855,0.57016000000004,0.5801699999999944,0.5901799999999489,0.6001899999999033,0.6101999999998577,0.6202099999998122,0.6302199999997666,0.6402299999997211,0.6502399999996755,0.66024999999963,0.6702599999995844,0.6802699999995389,0.6902799999994933,0.7002899999994477,0.7102999999994022,0.7203099999993566,0.7303199999993111,0.7403299999992655,0.75033999999922,0.7603499999991744,0.7703599999991289,0.7803699999990833,0.7903799999990377,0.8003899999989922,0.8103999999989466,0.8204099999989011,0.8304199999988555,0.84042999999881,0.8504399999987644,0.8604499999987189,0.8704599999986733,0.8804699999986277,0.8904799999985822,0.9004899999985366,0.9104999999984911,0.9205099999984455,0.9305199999984,0.9405299999983544,0.9505399999983088,0.9605499999982633,0.9705599999982177,0.9805699999981722,0.9905799999981266,1.0005899999980876,1.0105899999981531,1.0205899999982186,1.0305899999982842,1.0405899999983497,1.0505899999984152,1.0605899999984807,1.0705899999985462,1.0805899999986117,1.0905899999986772,1.1005899999987427,1.1105899999988083,1.1205899999988738,1.1305899999989393,1.1405899999990048,1.1505899999990703,1.1605899999991358,1.1705899999992013,1.1805899999992668,1.1905899999993323,1.2005899999993979,1.2105899999994634,1.2205899999995289,1.2305899999995944,1.24058999999966,1.2505899999997254,1.260589999999791,1.2705899999998564,1.280589999999922,1.2905899999999875,1.300590000000053,1.3105900000001185,1.320590000000184,1.3305900000002495,1.340590000000315,1.3505900000003805,1.360590000000446,1.3705900000005116,1.380590000000577,1.3905900000006426,1.400590000000708,1.4105900000007736,1.4205900000008391,1.4305900000009046,1.4405900000009702,1.4505900000010357,1.4605900000011012,1.4705900000011667,1.4805900000012322,1.4905900000012977,1.5005900000013632,1.5105900000014287,1.5205900000014942,1.5305900000015598,1.5405900000016253,1.5505900000016908,1.5605900000017563,1.5705900000018218,1.5805900000018873,1.5905900000019528,1.6005900000020183,1.6105900000020839,1.6205900000021494,1.6305900000022149,1.6405900000022804,1.650590000002346,1.6605900000024114,1.670590000002477,1.6805900000025424,1.690590000002608,1.7005900000026735,1.710590000002739,1.7205900000028045,1.73059000000287,1.7405900000029355,1.750590000003001,1.7605900000030665,1.770590000003132,1.7805900000031976,1.790590000003263,1.8005900000033286,1.810590000003394,1.8205900000034596,1.8305900000035251,1.8405900000035906,1.8505900000036561,1.8605900000037217,1.8705900000037872,1.8805900000038527,1.8905900000039182,1.9005900000039837,1.9105900000040492,1.9205900000041147,1.9305900000041802,1.9405900000042458,1.9505900000043113,1.9605900000043768,1.9705900000044423,1.9805900000045078,1.9905900000045733,2.000590000004639,2.0105900000047043,2.02059000000477,2.0305900000048354,2.040590000004901,2.0505900000049664,2.060590000005032,2.0705900000050974,2.080590000005163,2.0905900000052284,2.100590000005294,2.1105900000053595,2.120590000005425,2.1305900000054905,2.140590000005556,2.1505900000056215,2.160590000005687,2.1705900000057525,2.180590000005818,2.1905900000058836,2.200590000005949,2.2105900000060146,2.22059000000608,2.2305900000061456,2.240590000006211,2.2505900000062766,2.260590000006342,2.2705900000064076,2.280590000006473,2.2905900000065387,2.300590000006604,2.3105900000066697,2.320590000006735,2.3305900000068007,2.3405900000068662,2.3505900000069317,2.3605900000069973,2.3705900000070628,2.3805900000071283,2.390590000007194,2.4005900000072593,2.410590000007325,2.4205900000073903,2.430590000007456,2.4405900000075214,2.450590000007587,2.4605900000076524,2.470590000007718,2.4805900000077834,2.490590000007849,2.5005900000079144,2.51059000000798,2.5205900000080455,2.530590000008111,2.5405900000081765,2.550590000008242,2.5605900000083075,2.570590000008373,2.5805900000084385,2.590590000008504,2.6005900000085695,2.610590000008635,2.6205900000087006,2.630590000008766,2.6405900000088316,2.650590000008897,2.6605900000089626,2.670590000009028,2.6805900000090936,2.690590000009159,2.7005900000092247,2.71059000000929,2.7205900000093557,2.730590000009421,2.7405900000094867,2.7505900000095522,2.7605900000096177,2.7705900000096833,2.7805900000097488,2.7905900000098143,2.80059000000988,2.8105900000099453,2.820590000010011,2.8305900000100763,2.840590000010142,2.8505900000102073,2.860590000010273,2.8705900000103384,2.880590000010404,2.8905900000104694,2.900590000010535,2.9105900000106004,2.920590000010666,2.9305900000107314,2.940590000010797,2.9505900000108625,2.960590000010928,2.9705900000109935,2.980590000011059,2.9905900000111245,3.00059000001119,3.0105900000112555,3.020590000011321,3.0305900000113866,3.040590000011452,3.0505900000115176,3.060590000011583,3.0705900000116486,3.080590000011714,3.0905900000117796,3.100590000011845,3.1105900000119107,3.120590000011976,3.1305900000120417,3.140590000012107,3.1505900000121727,3.160590000012238,3.1705900000123037,3.1805900000123692,3.1905900000124348,3.2005900000125003,3.210590000012566,3.2205900000126313,3.230590000012697,3.2405900000127623,3.250590000012828,3.2605900000128933,3.270590000012959,3.2805900000130244,3.29059000001309,3.3005900000131554,3.310590000013221,3.3205900000132864,3.330590000013352,3.3405900000134174,3.350590000013483,3.3605900000135485,3.370590000013614,3.3805900000136795,3.390590000013745,3.4005900000138105,3.410590000013876,3.4205900000139415,3.430590000014007,3.4405900000140726,3.450590000014138,3.4605900000142036,3.470590000014269,3.4805900000143346,3.4905900000144,3.5005900000144656,3.510590000014531,3.5205900000145967,3.530590000014662,3.5405900000147277,3.550590000014793,3.5605900000148587,3.570590000014924,3.5805900000149897,3.5905900000150552,3.6005900000151208,3.6105900000151863,3.6205900000152518,3.6305900000153173,3.640590000015383,3.6505900000154483,3.660590000015514,3.6705900000155793,3.680590000015645,3.6905900000157104,3.700590000015776,3.7105900000158414,3.720590000015907,3.7305900000159724,3.740590000016038,3.7505900000161034,3.760590000016169,3.7705900000162345,3.7805900000163,3.7905900000163655,3.800590000016431,3.8105900000164965,3.820590000016562,3.8305900000166275,3.840590000016693,3.8505900000167586,3.860590000016824,3.8705900000168896,3.880590000016955,3.8905900000170206,3.900590000017086,3.9105900000171516,3.920590000017217,3.9305900000172826,3.940590000017348,3.9505900000174137,3.960590000017479,3.9705900000175447,3.98059000001761,3.9905900000176757,4.000590000017715,4.010600000017336,4.020610000016957,4.030620000016578,4.040630000016199,4.05064000001582,4.060650000015441,4.070660000015062,4.080670000014683,4.090680000014304,4.100690000013925,4.110700000013546,4.120710000013167,4.130720000012788,4.140730000012409,4.15074000001203,4.160750000011651,4.170760000011272,4.180770000010893,4.190780000010514,4.2007900000101355,4.2108000000097565,4.220810000009378,4.230820000008999,4.24083000000862,4.250840000008241,4.260850000007862,